Başlangıç Sıcaklığı (Kelvin)  Bitiş Sıcaklığı (Kelvin)      Gerekli Enerji Miktarı (Joule)

300                           301                           3.853097e+05                  
301                           302                           3.854956e+05                  
302                           303                           3.856806e+05                  
303                           304                           3.858645e+05                  
304                           305                           3.860474e+05                  
305                           306                           3.862294e+05                  
306                           307                           3.864105e+05                  
307                           308                           3.865905e+05                  
308                           309                           3.867697e+05                  
309                           310                           3.869479e+05                  
310                           311                           3.871252e+05                  
311                           312                           3.873016e+05                  
312                           313                           3.874771e+05                  
313                           314                           3.876517e+05                  
314                           315                           3.878255e+05                  
315                           316                           3.879984e+05                  
316                           317                           3.881705e+05                  
317                           318                           3.883417e+05                  
318                           319                           3.885121e+05                  
319                           320                           3.886817e+05                  
320                           321                           3.888504e+05                  
321                           322                           3.890184e+05                  
322                           323                           3.891856e+05                  
323                           324                           3.893520e+05                  
324                           325                           3.895177e+05                  
325                           326                           3.896826e+05                  
326                           327                           3.898467e+05                  
327                           328                           3.900101e+05                  
328                           329                           3.901727e+05                  
329                           330                           3.903347e+05                  
330                           331                           3.904959e+05                  
331                           332                           3.906564e+05                  
332                           333                           3.908162e+05                  
333                           334                           3.909753e+05                  
334                           335                           3.911338e+05                  
335                           336                           3.912916e+05                  
336                           337                           3.914486e+05                  
337                           338                           3.916051e+05                  
338                           339                           3.917609e+05                  
339                           340                           3.919160e+05                  
340                           341                           3.920705e+05                  
341                           342                           3.922244e+05                  
342                           343                           3.923776e+05                  
343                           344                           3.925303e+05                  
344                           345                           3.926823e+05                  
345                           346                           3.928337e+05                  
346                           347                           3.929845e+05                  
347                           348                           3.931347e+05                  
348                           349                           3.932844e+05                  
349                           350                           3.934335e+05                  
350                           351                           3.935820e+05                  
351                           352                           3.937299e+05                  
352                           353                           3.938773e+05                  
353                           354                           3.940241e+05                  
354                           355                           3.941704e+05                  
355                           356                           3.943162e+05                  
356                           357                           3.944614e+05                  
357                           358                           3.946061e+05                  
358                           359                           3.947502e+05                  
359                           360                           3.948939e+05                  
360                           361                           3.950370e+05                  
361                           362                           3.951796e+05                  
362                           363                           3.953218e+05                  
363                           364                           3.954634e+05                  
364                           365                           3.956045e+05                  
365                           366                           3.957452e+05                  
366                           367                           3.958854e+05                  
367                           368                           3.960251e+05                  
368                           369                           3.961643e+05                  
369                           370                           3.963031e+05                  
370                           371                           3.964414e+05                  
371                           372                           3.965792e+05                  
372                           373                           3.967167e+05                  
373                           374                           3.968536e+05                  
374                           375                           3.969901e+05                  
375                           376                           3.971262e+05                  
376                           377                           3.972619e+05                  
377                           378                           3.973971e+05                  
378                           379                           3.975319e+05                  
379                           380                           3.976663e+05                  
380                           381                           3.978002e+05                  
381                           382                           3.979338e+05                  
382                           383                           3.980669e+05                  
383                           384                           3.981997e+05                  
384                           385                           3.983320e+05                  
385                           386                           3.984640e+05                  
386                           387                           3.985956e+05                  
387                           388                           3.987267e+05                  
388                           389                           3.988575e+05                  
389                           390                           3.989880e+05                  
390                           391                           3.991180e+05                  
391                           392                           3.992477e+05                  
392                           393                           3.993770e+05                  
393                           394                           3.995059e+05                  
394                           395                           3.996345e+05                  
395                           396                           3.997627e+05                  
396                           397                           3.998906e+05                  
397                           398                           4.000181e+05                  
398                           399                           4.001453e+05                  
399                           400                           4.002721e+05                  
400                           401                           4.003986e+05                  
401                           402                           4.005248e+05                  
402                           403                           4.006506e+05                  
403                           404                           4.007761e+05                  
404                           405                           4.009013e+05                  
405                           406                           4.010261e+05                  
406                           407                           4.011506e+05                  
407                           408                           4.012748e+05                  
408                           409                           4.013987e+05                  
409                           410                           4.015223e+05                  
410                           411                           4.016456e+05                  
411                           412                           4.017685e+05                  
412                           413                           4.018912e+05                  
413                           414                           4.020135e+05                  
414                           415                           4.021356e+05                  
415                           416                           4.022574e+05                  
416                           417                           4.023789e+05                  
417                           418                           4.025001e+05                  
418                           419                           4.026210e+05                  
419                           420                           4.027416e+05                  
420                           421                           4.028619e+05                  
421                           422                           4.029820e+05                  
422                           423                           4.031018e+05                  
423                           424                           4.032213e+05                  
424                           425                           4.033405e+05                  
425                           426                           4.034595e+05                  
426                           427                           4.035782e+05                  
427                           428                           4.036967e+05                  
428                           429                           4.038149e+05                  
429                           430                           4.039328e+05                  
430                           431                           4.040505e+05                  
431                           432                           4.041679e+05                  
432                           433                           4.042851e+05                  
433                           434                           4.044020e+05                  
434                           435                           4.045187e+05                  
435                           436                           4.046351e+05                  
436                           437                           4.047513e+05                  
437                           438                           4.048672e+05                  
438                           439                           4.049830e+05                  
439                           440                           4.050984e+05                  
440                           441                           4.052137e+05                  
441                           442                           4.053287e+05                  
442                           443                           4.054435e+05                  
443                           444                           4.055580e+05                  
444                           445                           4.056724e+05                  
445                           446                           4.057865e+05                  
446                           447                           4.059004e+05                  
447                           448                           4.060140e+05                  
448                           449                           4.061275e+05                  
449                           450                           4.062407e+05                  
450                           451                           4.063537e+05                  
451                           452                           4.064666e+05                  
452                           453                           4.065792e+05                  
453                           454                           4.066915e+05                  
454                           455                           4.068037e+05                  
455                           456                           4.069157e+05                  
456                           457                           4.070275e+05                  
457                           458                           4.071391e+05                  
458                           459                           4.072505e+05                  
459                           460                           4.073617e+05                  
460                           461                           4.074727e+05                  
461                           462                           4.075835e+05                  
462                           463                           4.076941e+05                  
463                           464                           4.078045e+05                  
464                           465                           4.079147e+05                  
465                           466                           4.080248e+05                  
466                           467                           4.081346e+05                  
467                           468                           4.082443e+05                  
468                           469                           4.083538e+05                  
469                           470                           4.084631e+05                  
470                           471                           4.085722e+05                  
471                           472                           4.086812e+05                  
472                           473                           4.087900e+05                  
473                           474                           4.088986e+05                  
474                           475                           4.090070e+05                  
475                           476                           4.091153e+05                  
476                           477                           4.092234e+05                  
477                           478                           4.093313e+05                  
478                           479                           4.094391e+05                  
479                           480                           4.095467e+05                  
480                           481                           4.096541e+05                  
481                           482                           4.097614e+05                  
482                           483                           4.098685e+05                  
483                           484                           4.099754e+05                  
484                           485                           4.100822e+05                  
485                           486                           4.101888e+05                  
486                           487                           4.102953e+05                  
487                           488                           4.104017e+05                  
488                           489                           4.105078e+05                  
489                           490                           4.106139e+05                  
490                           491                           4.107197e+05                  
491                           492                           4.108254e+05                  
492                           493                           4.109310e+05                  
493                           494                           4.110365e+05                  
494                           495                           4.111417e+05                  
495                           496                           4.112469e+05                  
496                           497                           4.113519e+05                  
497                           498                           4.114568e+05                  
498                           499                           4.115615e+05                  
499                           500                           4.116661e+05                  
500                           501                           4.117705e+05                  
501                           502                           4.118748e+05                  
502                           503                           4.119790e+05                  
503                           504                           4.120830e+05                  
504                           505                           4.121869e+05                  
505                           506                           4.122907e+05                  
506                           507                           4.123943e+05                  
507                           508                           4.124979e+05                  
508                           509                           4.126012e+05                  
509                           510                           4.127045e+05                  
510                           511                           4.128076e+05                  
511                           512                           4.129107e+05                  
512                           513                           4.130135e+05                  
513                           514                           4.131163e+05                  
514                           515                           4.132189e+05                  
515                           516                           4.133215e+05                  
516                           517                           4.134239e+05                  
517                           518                           4.135262e+05                  
518                           519                           4.136283e+05                  
519                           520                           4.137304e+05                  
520                           521                           4.138323e+05                  
521                           522                           4.139341e+05                  
522                           523                           4.140358e+05                  
523                           524                           4.141374e+05                  
524                           525                           4.142389e+05                  
525                           526                           4.143403e+05                  
526                           527                           4.144415e+05                  
527                           528                           4.145427e+05                  
528                           529                           4.146437e+05                  
529                           530                           4.147447e+05                  
530                           531                           4.148455e+05                  
531                           532                           4.149462e+05                  
532                           533                           4.150469e+05                  
533                           534                           4.151474e+05                  
534                           535                           4.152478e+05                  
535                           536                           4.153481e+05                  
536                           537                           4.154484e+05                  
537                           538                           4.155485e+05                  
538                           539                           4.156485e+05                  
539                           540                           4.157484e+05                  
540                           541                           4.158483e+05                  
541                           542                           4.159480e+05                  
542                           543                           4.160476e+05                  
543                           544                           4.161472e+05                  
544                           545                           4.162466e+05                  
545                           546                           4.163460e+05                  
546                           547                           4.164453e+05                  
547                           548                           4.165444e+05                  
548                           549                           4.166435e+05                  
549                           550                           4.167425e+05                  
550                           551                           4.168414e+05                  
551                           552                           4.169403e+05                  
552                           553                           4.170390e+05                  
553                           554                           4.171376e+05                  
554                           555                           4.172362e+05                  
555                           556                           4.173347e+05                  
556                           557                           4.174331e+05                  
557                           558                           4.175314e+05                  
558                           559                           4.176296e+05                  
559                           560                           4.177278e+05                  
560                           561                           4.178259e+05                  
561                           562                           4.179238e+05                  
562                           563                           4.180218e+05                  
563                           564                           4.181196e+05                  
564                           565                           4.182174e+05                  
565                           566                           4.183150e+05                  
566                           567                           4.184126e+05                  
567                           568                           4.185102e+05                  
568                           569                           4.186076e+05                  
569                           570                           4.187050e+05                  
570                           571                           4.188023e+05                  
571                           572                           4.188995e+05                  
572                           573                           4.189967e+05                  
573                           574                           4.190938e+05                  
574                           575                           4.191908e+05                  
575                           576                           4.192878e+05                  
576                           577                           4.193847e+05                  
577                           578                           4.194815e+05                  
578                           579                           4.195782e+05                  
579                           580                           4.196749e+05                  
580                           581                           4.197715e+05                  
581                           582                           4.198681e+05                  
582                           583                           4.199645e+05                  
583                           584                           4.200610e+05                  
584                           585                           4.201573e+05                  
585                           586                           4.202536e+05                  
586                           587                           4.203498e+05                  
587                           588                           4.204460e+05                  
588                           589                           4.205421e+05                  
589                           590                           4.206381e+05                  
590                           591                           4.207341e+05                  
591                           592                           4.208301e+05                  
592                           593                           4.209259e+05                  
593                           594                           4.210217e+05                  
594                           595                           4.211175e+05                  
595                           596                           4.212132e+05                  
596                           597                           4.213088e+05                  
597                           598                           4.214044e+05                  
598                           599                           4.214999e+05                  
599                           600                           4.215954e+05                  
600                           601                           4.216908e+05                  
601                           602                           4.217862e+05                  
602                           603                           4.218815e+05                  
603                           604                           4.219768e+05                  
604                           605                           4.220720e+05                  
605                           606                           4.221671e+05                  
606                           607                           4.222622e+05                  
607                           608                           4.223573e+05                  
608                           609                           4.224523e+05                  
609                           610                           4.225473e+05                  
610                           611                           4.226422e+05                  
611                           612                           4.227370e+05                  
612                           613                           4.228318e+05                  
613                           614                           4.229266e+05                  
614                           615                           4.230213e+05                  
615                           616                           4.231160e+05                  
616                           617                           4.232106e+05                  
617                           618                           4.233052e+05                  
618                           619                           4.233998e+05                  
619                           620                           4.234943e+05                  
620                           621                           4.235887e+05                  
621                           622                           4.236831e+05                  
622                           623                           4.237775e+05                  
623                           624                           4.238718e+05                  
624                           625                           4.239661e+05                  
625                           626                           4.240604e+05                  
626                           627                           4.241546e+05                  
627                           628                           4.242487e+05                  
628                           629                           4.243429e+05                  
629                           630                           4.244370e+05                  
630                           631                           4.245310e+05                  
631                           632                           4.246250e+05                  
632                           633                           4.247190e+05                  
633                           634                           4.248130e+05                  
634                           635                           4.249069e+05                  
635                           636                           4.250007e+05                  
636                           637                           4.250946e+05                  
637                           638                           4.251884e+05                  
638                           639                           4.252821e+05                  
639                           640                           4.253759e+05                  
640                           641                           4.254696e+05                  
641                           642                           4.255632e+05                  
642                           643                           4.256569e+05                  
643                           644                           4.257505e+05                  
644                           645                           4.258441e+05                  
645                           646                           4.259376e+05                  
646                           647                           4.260311e+05                  
647                           648                           4.261246e+05                  
648                           649                           4.262180e+05                  
649                           650                           4.263115e+05                  
650                           651                           4.264049e+05                  
651                           652                           4.264982e+05                  
652                           653                           4.265916e+05                  
653                           654                           4.266849e+05                  
654                           655                           4.267781e+05                  
655                           656                           4.268714e+05                  
656                           657                           4.269646e+05                  
657                           658                           4.270578e+05                  
658                           659                           4.271510e+05                  
659                           660                           4.272442e+05                  
660                           661                           4.273373e+05                  
661                           662                           4.274304e+05                  
662                           663                           4.275235e+05                  
663                           664                           4.276166e+05                  
664                           665                           4.277096e+05                  
665                           666                           4.278026e+05                  
666                           667                           4.278956e+05                  
667                           668                           4.279886e+05                  
668                           669                           4.280815e+05                  
669                           670                           4.281745e+05                  
670                           671                           4.282674e+05                  
671                           672                           4.283603e+05                  
672                           673                           4.284532e+05                  
673                           674                           4.285460e+05                  
674                           675                           4.286388e+05                  
675                           676                           4.287317e+05                  
676                           677                           4.288245e+05                  
677                           678                           4.289172e+05                  
678                           679                           4.290100e+05                  
679                           680                           4.291028e+05                  
680                           681                           4.291955e+05                  
681                           682                           4.292882e+05                  
682                           683                           4.293809e+05                  
683                           684                           4.294736e+05                  
684                           685                           4.295663e+05                  
685                           686                           4.296589e+05                  
686                           687                           4.297516e+05                  
687                           688                           4.298442e+05                  
688                           689                           4.299368e+05                  
689                           690                           4.300294e+05                  
690                           691                           4.301220e+05                  
691                           692                           4.302146e+05                  
692                           693                           4.303072e+05                  
693                           694                           4.303997e+05                  
694                           695                           4.304923e+05                  
695                           696                           4.305848e+05                  
696                           697                           4.306773e+05                  
697                           698                           4.307698e+05                  
698                           699                           4.308623e+05                  
699                           700                           4.309548e+05                  
700                           701                           4.310473e+05                  
701                           702                           4.311398e+05                  
702                           703                           4.312323e+05                  
703                           704                           4.313248e+05                  
704                           705                           4.314172e+05                  
705                           706                           4.315097e+05                  
706                           707                           4.316021e+05                  
707                           708                           4.316945e+05                  
708                           709                           4.317870e+05                  
709                           710                           4.318794e+05                  
710                           711                           4.319718e+05                  
711                           712                           4.320642e+05                  
712                           713                           4.321567e+05                  
713                           714                           4.322491e+05                  
714                           715                           4.323415e+05                  
715                           716                           4.324339e+05                  
716                           717                           4.325263e+05                  
717                           718                           4.326187e+05                  
718                           719                           4.327111e+05                  
719                           720                           4.328034e+05                  
720                           721                           4.328958e+05                  
721                           722                           4.329882e+05                  
722                           723                           4.330806e+05                  
723                           724                           4.331730e+05                  
724                           725                           4.332654e+05                  
725                           726                           4.333578e+05                  
726                           727                           4.334502e+05                  
727                           728                           4.335425e+05                  
728                           729                           4.336349e+05                  
729                           730                           4.337273e+05                  
730                           731                           4.338197e+05                  
731                           732                           4.339121e+05                  
732                           733                           4.340045e+05                  
733                           734                           4.340969e+05                  
734                           735                           4.341893e+05                  
735                           736                           4.342817e+05                  
736                           737                           4.343741e+05                  
737                           738                           4.344665e+05                  
738                           739                           4.345589e+05                  
739                           740                           4.346513e+05                  
740                           741                           4.347438e+05                  
741                           742                           4.348362e+05                  
742                           743                           4.349286e+05                  
743                           744                           4.350211e+05                  
744                           745                           4.351135e+05                  
745                           746                           4.352060e+05                  
746                           747                           4.352984e+05                  
747                           748                           4.353909e+05                  
748                           749                           4.354833e+05                  
749                           750                           4.355758e+05                  
750                           751                           4.356683e+05                  
751                           752                           4.357608e+05                  
752                           753                           4.358533e+05                  
753                           754                           4.359458e+05                  
754                           755                           4.360383e+05                  
755                           756                           4.361309e+05                  
756                           757                           4.362234e+05                  
757                           758                           4.363160e+05                  
758                           759                           4.364085e+05                  
759                           760                           4.365011e+05                  
760                           761                           4.365937e+05                  
761                           762                           4.366863e+05                  
762                           763                           4.367789e+05                  
763                           764                           4.368715e+05                  
764                           765                           4.369641e+05                  
765                           766                           4.370568e+05                  
766                           767                           4.371494e+05                  
767                           768                           4.372421e+05                  
768                           769                           4.373348e+05                  
769                           770                           4.374274e+05                  
770                           771                           4.375202e+05                  
771                           772                           4.376129e+05                  
772                           773                           4.377056e+05                  
773                           774                           4.377984e+05                  
774                           775                           4.378911e+05                  
775                           776                           4.379839e+05                  
776                           777                           4.380767e+05                  
777                           778                           4.381695e+05                  
778                           779                           4.382623e+05                  
779                           780                           4.383552e+05                  
780                           781                           4.384480e+05                  
781                           782                           4.385409e+05                  
782                           783                           4.386338e+05                  
783                           784                           4.387267e+05                  
784                           785                           4.388196e+05                  
785                           786                           4.389126e+05                  
786                           787                           4.390055e+05                  
787                           788                           4.390985e+05                  
788                           789                           4.391915e+05                  
789                           790                           4.392845e+05                  
790                           791                           4.393776e+05                  
791                           792                           4.394706e+05                  
792                           793                           4.395637e+05                  
793                           794                           4.396568e+05                  
794                           795                           4.397499e+05                  
795                           796                           4.398431e+05                  
796                           797                           4.399362e+05                  
797                           798                           4.400294e+05                  
798                           799                           4.401226e+05                  
799                           800                           4.402158e+05                  
800                           801                           4.403091e+05                  
801                           802                           4.404023e+05                  
802                           803                           4.404956e+05                  
803                           804                           4.405890e+05                  
804                           805                           4.406823e+05                  
805                           806                           4.407757e+05                  
806                           807                           4.408690e+05                  
807                           808                           4.409624e+05                  
808                           809                           4.410559e+05                  
809                           810                           4.411493e+05                  
810                           811                           4.412428e+05                  
811                           812                           4.413363e+05                  
812                           813                           4.414298e+05                  
813                           814                           4.415234e+05                  
814                           815                           4.416170e+05                  
815                           816                           4.417106e+05                  
816                           817                           4.418042e+05                  
817                           818                           4.418979e+05                  
818                           819                           4.419916e+05                  
819                           820                           4.420853e+05                  
820                           821                           4.421790e+05                  
821                           822                           4.422728e+05                  
822                           823                           4.423666e+05                  
823                           824                           4.424604e+05                  
824                           825                           4.425543e+05                  
825                           826                           4.426481e+05                  
826                           827                           4.427421e+05                  
827                           828                           4.428360e+05                  
828                           829                           4.429300e+05                  
829                           830                           4.430240e+05                  
830                           831                           4.431180e+05                  
831                           832                           4.432120e+05                  
832                           833                           4.433061e+05                  
833                           834                           4.434002e+05                  
834                           835                           4.434944e+05                  
835                           836                           4.435886e+05                  
836                           837                           4.436828e+05                  
837                           838                           4.437770e+05                  
838                           839                           4.438713e+05                  
839                           840                           4.439656e+05                  
840                           841                           4.440599e+05                  
841                           842                           4.441543e+05                  
842                           843                           4.442487e+05                  
843                           844                           4.443432e+05                  
844                           845                           4.444376e+05                  
845                           846                           4.445321e+05                  
846                           847                           4.446267e+05                  
847                           848                           4.447212e+05                  
848                           849                           4.448158e+05                  
849                           850                           4.449105e+05                  
850                           851                           4.450051e+05                  
851                           852                           4.450998e+05                  
852                           853                           4.451946e+05                  
853                           854                           4.452894e+05                  
854                           855                           4.453842e+05                  
855                           856                           4.454790e+05                  
856                           857                           4.455739e+05                  
857                           858                           4.456688e+05                  
858                           859                           4.457638e+05                  
859                           860                           4.458588e+05                  
860                           861                           4.459538e+05                  
861                           862                           4.460489e+05                  
862                           863                           4.461440e+05                  
863                           864                           4.462391e+05                  
864                           865                           4.463343e+05                  
865                           866                           4.464295e+05                  
866                           867                           4.465248e+05                  
867                           868                           4.466201e+05                  
868                           869                           4.467154e+05                  
869                           870                           4.468108e+05                  
870                           871                           4.469062e+05                  
871                           872                           4.470017e+05                  
872                           873                           4.470972e+05                  
873                           874                           4.471927e+05                  
874                           875                           4.472883e+05                  
875                           876                           4.473839e+05                  
876                           877                           4.474796e+05                  
877                           878                           4.475753e+05                  
878                           879                           4.476710e+05                  
879                           880                           4.477668e+05                  
880                           881                           4.478626e+05                  
881                           882                           4.479585e+05                  
882                           883                           4.480544e+05                  
883                           884                           4.481503e+05                  
884                           885                           4.482463e+05                  
885                           886                           4.483423e+05                  
886                           887                           4.484384e+05                  
887                           888                           4.485345e+05                  
888                           889                           4.486307e+05                  
889                           890                           4.487269e+05                  
890                           891                           4.488231e+05                  
891                           892                           4.489194e+05                  
892                           893                           4.490158e+05                  
893                           894                           4.491122e+05                  
894                           895                           4.492086e+05                  
895                           896                           4.493051e+05                  
896                           897                           4.494016e+05                  
897                           898                           4.494981e+05                  
898                           899                           4.495947e+05                  
899                           900                           4.496914e+05                  
900                           901                           4.497881e+05                  
901                           902                           4.498849e+05                  
902                           903                           4.499816e+05                  
903                           904                           4.500785e+05                  
904                           905                           4.501754e+05                  
905                           906                           4.502723e+05                  
906                           907                           4.503693e+05                  
907                           908                           4.504663e+05                  
908                           909                           4.505634e+05                  
909                           910                           4.506605e+05                  
910                           911                           4.507577e+05                  
911                           912                           4.508549e+05                  
912                           913                           4.509522e+05                  
913                           914                           4.510495e+05                  
914                           915                           4.511469e+05                  
915                           916                           4.512443e+05                  
916                           917                           4.513418e+05                  
917                           918                           4.514393e+05                  
918                           919                           4.515369e+05                  
919                           920                           4.516345e+05                  
920                           921                           4.517322e+05                  
921                           922                           4.518299e+05                  
922                           923                           4.519277e+05                  
923                           924                           4.520255e+05                  
924                           925                           4.521234e+05                  
925                           926                           4.522213e+05                  
926                           927                           4.523193e+05                  
927                           928                           4.524173e+05                  
928                           929                           4.525154e+05                  
929                           930                           4.526135e+05                  
930                           931                           4.527117e+05                  
931                           932                           4.528099e+05                  
932                           933                           4.529082e+05                  
933                           934                           4.530066e+05                  
934                           935                           4.531050e+05                  
935                           936                           4.532034e+05                  
936                           937                           4.533020e+05                  
937                           938                           4.534005e+05                  
938                           939                           4.534991e+05                  
939                           940                           4.535978e+05                  
940                           941                           4.536965e+05                  
941                           942                           4.537953e+05                  
942                           943                           4.538942e+05                  
943                           944                           4.539931e+05                  
944                           945                           4.540920e+05                  
945                           946                           4.541910e+05                  
946                           947                           4.542901e+05                  
947                           948                           4.543892e+05                  
948                           949                           4.544884e+05                  
949                           950                           4.545876e+05                  
950                           951                           4.546869e+05                  
951                           952                           4.547862e+05                  
952                           953                           4.548856e+05                  
953                           954                           4.549851e+05                  
954                           955                           4.550846e+05                  
955                           956                           4.551842e+05                  
956                           957                           4.552838e+05                  
957                           958                           4.553835e+05                  
958                           959                           4.554832e+05                  
959                           960                           4.555831e+05                  
960                           961                           4.556829e+05                  
961                           962                           4.557829e+05                  
962                           963                           4.558828e+05                  
963                           964                           4.559829e+05                  
964                           965                           4.560830e+05                  
965                           966                           4.561832e+05                  
966                           967                           4.562834e+05                  
967                           968                           4.563837e+05                  
968                           969                           4.564840e+05                  
969                           970                           4.565844e+05                  
970                           971                           4.566849e+05                  
971                           972                           4.567854e+05                  
972                           973                           4.568860e+05                  
973                           974                           4.569867e+05                  
974                           975                           4.570874e+05                  
975                           976                           4.571882e+05                  
976                           977                           4.572890e+05                  
977                           978                           4.573899e+05                  
978                           979                           4.574909e+05                  
979                           980                           4.575919e+05                  
980                           981                           4.576930e+05                  
981                           982                           4.577942e+05                  
982                           983                           4.578954e+05                  
983                           984                           4.579967e+05                  
984                           985                           4.580980e+05                  
985                           986                           4.581994e+05                  
986                           987                           4.583009e+05                  
987                           988                           4.584024e+05                  
988                           989                           4.585040e+05                  
989                           990                           4.586057e+05                  
990                           991                           4.587075e+05                  
991                           992                           4.588093e+05                  
992                           993                           4.589111e+05                  
993                           994                           4.590131e+05                  
994                           995                           4.591150e+05                  
995                           996                           4.592171e+05                  
996                           997                           4.593192e+05                  
997                           998                           4.594214e+05                  
998                           999                           4.595237e+05                  
999                           1000                          4.596260e+05                  
